Attribute Evaluator (supervised, Class (nominal): 40 class):
	Gain Ratio feature evaluator

Ranked attributes:
 0.14677    4 4
 0.06075   16 16
 0.06075   39 39
 0.06024   22 22
 0.06024   26 26
 0.05926    2 2
 0.05492   24 24
 0.05306   27 27
 0.0496     7 7
 0.04807   14 14
 0.04787    1 1
 0.04594   20 20
 0.04579   28 28
 0.04532   33 33
 0.04435   34 34
 0.04329   23 23
 0.04087   37 37
 0.04055   38 38
 0.03957   35 35
 0.0394    13 13
 0.03798   31 31
 0.03764    3 3
 0.03724   18 18
 0.03628   11 11
 0.0359    21 21
 0.03555   36 36
 0.03432    8 8
 0.03308    6 6
 0.03308   30 30
 0.03237    5 5
 0.03213   32 32
 0.03187    9 9
 0.02851   29 29
 0.02788   12 12
 0.02703   25 25
 0.02241   19 19
 0.01901   15 15
 0.01599   10 10
 0.00154   17 17

Selected attributes: 4,16,39,22,26,2,24,27,7,14,1,20,28,33,34,23,37,38,35,13,31,3,18,11,21,36,8,6,30,5,32,9,29,12,25,19,15,10,17 : 39