Attribute Evaluator (supervised, Class (nominal): 40 class):
	Information Gain Ranking Filter

Ranked attributes:
 0.08883   24 24
 0.08452   27 27
 0.08431    2 2
 0.08126   26 26
 0.08126   22 22
 0.07895   34 34
 0.07759   39 39
 0.07759   16 16
 0.07739   33 33
 0.07615   23 23
 0.07433   37 37
 0.07409   20 20
 0.07369   35 35
 0.07283    4 4
 0.07142    3 3
 0.07093    7 7
 0.07041    1 1
 0.06897   18 18
 0.06521   11 11
 0.06416   13 13
 0.06198   31 31
 0.06142   36 36
 0.06073   21 21
 0.05718   28 28
 0.05636   38 38
 0.05038    8 8
 0.04477   32 32
 0.04027   30 30
 0.04027    6 6
 0.04001   25 25
 0.03811   29 29
 0.03681    9 9
 0.03668   14 14
 0.03628    5 5
 0.03447   19 19
 0.02856   12 12
 0.02361   10 10
 0.01999   15 15
 0.00199   17 17

Selected attributes: 24,27,2,26,22,34,39,16,33,23,37,20,35,4,3,7,1,18,11,13,31,36,21,28,38,8,32,30,6,25,29,9,14,5,19,12,10,15,17