Attribute Evaluator (supervised, Class (nominal): 40 class):
	OneR feature evaluator.

	Using 10 fold cross validation for evaluating attributes.
	Minimum bucket size for OneR: 6

Ranked attributes:
87.1528    2 2
86.1111   28 28
86.1111    7 7
85.7639   12 12
85.0694   15 15
85.0694   39 39
85.0694   14 14
85.0694   17 17
85.0694   18 18
85.0694   16 16
85.0694   10 10
85.0694   38 38
85.0694    8 8
85.0694    3 3
85.0694    5 5
85.0694    6 6
85.0694   19 19
85.0694   20 20
85.0694    1 1
85.0694   29 29
85.0694   30 30
85.0694   31 31
85.0694   33 33
85.0694   35 35
85.0694   34 34
85.0694   27 27
85.0694   23 23
85.0694   24 24
85.0694   25 25
84.375     4 4
84.375    32 32
84.375    13 13
84.0278   37 37
84.0278    9 9
83.6806   21 21
83.6806   22 22
83.6806   26 26
83.6806   11 11
82.9861   36 36

Selected attributes: 2,28,7,12,15,39,14,17,18,16,10,38,8,3,5,6,19,20,1,29,30,31,33,35,34,27,23,24,25,4,32,13,37,9,21,22,26,11,36 : 39