Attribute Evaluator (supervised, Class (nominal): 40 class):
	Symmetrical Uncertainty Ranking Filter

Ranked attributes:
 0.1319     4 4
 0.08305   26 26
 0.08305   22 22
 0.08304    2 2
 0.08231   16 16
 0.08231   39 39
 0.07983   24 24
 0.07681   27 27
 0.0696     7 7
 0.06774    1 1
 0.06684   33 33
 0.06672   20 20
 0.06612   34 34
 0.06434   23 23
 0.06159   28 28
 0.06126   37 37
 0.05966   35 35
 0.05738   13 13
 0.05701    3 3
 0.05641   38 38
 0.05607   18 18
 0.05534   31 31
 0.05422   11 11
 0.0535    14 14
 0.05281   21 21
 0.05259   36 36
 0.04853    8 8
 0.04473   32 32
 0.04412   30 30
 0.04412    6 6
 0.04197    5 5
 0.04175    9 9
 0.03919   29 29
 0.03832   25 25
 0.03499   12 12
 0.03212   19 19
 0.02409   15 15
 0.02265   10 10
 0.0021    17 17

Selected attributes: 4,26,22,2,16,39,24,27,7,1,33,20,34,23,28,37,35,13,3,38,18,31,11,14,21,36,8,32,30,6,5,9,29,25,12,19,15,10,17 : 39