Attribute Evaluator (supervised, Class (nominal): 40 class):
	ReliefF Ranking Filter
	Instances sampled: all
	Number of nearest neighbours (k): 10
	Exponentially decreasing (with distance) influence for
	nearest neighbours. Sigma: 2

Ranked attributes:
 0.23103   24 24
 0.2131    26 26
 0.2131    22 22
 0.19697   27 27
 0.17804   33 33
 0.17386    8 8
 0.17261   23 23
 0.16777   39 39
 0.16777   16 16
 0.1666    34 34
 0.15367   35 35
 0.13367   38 38
 0.12845   20 20
 0.12255    5 5
 0.11912   36 36
 0.10506   25 25
 0.10354   32 32
 0.10136   13 13
 0.10047   37 37
 0.09712    3 3
 0.08664   21 21
 0.08513   18 18
 0.08066    4 4
 0.07872   19 19
 0.07593   11 11
 0.07445    2 2
 0.06379   17 17
 0.06167   31 31
 0.04392   12 12
 0.03925    7 7
 0.03519   15 15
 0.03356   28 28
 0.02484    1 1
 0.02074   14 14
 0.01814   29 29
 0.01376   10 10
 0.00788    9 9
 0.00147    6 6
 0.00147   30 30

Selected attributes: 24,26,22,27,33,8,23,39,16,34,35,38,20,5,36,25,32,13,37,3,21,18,4,19,11,2,17,31,12,7,15,28,1,14,29,10,9,6,30 : 39